267 162
468 241
566 664
33 247
737 182
995 797
138 73
103 22
251 346
700 276
416 978
873 584
982 815
473 622
622 625
492 176
176 163
892 785
174 656
117 338
610 923
800 233
66 988
66 553
865 300
281 527
399 748
29 111
506 796
895 445
677 669
394 591
546 958
691 763
485 152
95 38
199 454
887 659
705 416
526 396
634 616
92 310
677 785
463 248
769 806
212 734
735 785
719 236
514 290
801 623
812 236
467 600
442 77
515 278
155 377
789 758
126 767
934 350
590 910
979 730
574 271
340 464
306 123
309 960
908 372
332 248
196 776
889 618
379 447
733 220
267 118
490 417
100 627
485 262
290 797
904 530
573 701
56 591
863 722
109 954
219 745
681 105
567 24
345 339
83 247
779 261
61 144
75 710
65 814
735 52
165 314
308 769
242 812
742 4
494 33
109 18
961 985
755 706
301 238
709 27
807 654
451 662
967 962
694 238
590 128
804 589
400 586
413 322
758 740
627 930
124 621
730 58
916 36
460 862
281 256
826 664
712 806
679 152
571 315
409 29
338 199
276 439
693 969
881 903
201 640
316 859
276 748
859 330
425 997
830 634
633 575
432 152
892 395
225 953
500 861
783 752
497 904
417 474
101 778
516 387
931 199
244 664
884 581
148 189
118 64
244 759
128 787
168 601
874 473
336 789
330 770
51 241
882 744
398 489
301 418
382 162
99 576
207 260
264 36
357 196
731 78
475 928
563 55
388 607
493 171
494 657
655 520
616 633
924 642
620 434
387 10
881 41
46 580
903 981
253 18
679 457
594 885
883 624
783 151
947 815
590 893
553 925
803 160
615 875
492 428
953 59
589 945
716 52
575 337
338 764
222 679
270 71
997 647
937 515
68 269
860 586
105 937
225 968
659 775
858 701
456 477
276 182
978 434
984 183
350 736
922 65
215 435
397 244
664 885
885 938
601 41
413 12
995 4
717 612
447 51
425 583
821 245
436 949
18 311
240 330
417 443
533 371
520 999
519 991
289 455
205 685
603 648
410 501
665 2
484 498
477 379
37 344
735 948
735 330
964 895
13 469
718 796
687 61
918 268
865 74
114 628
936 598
47 106
877 343
415 182
571 281
918 731
259 380
185 5
942 693
958 42
944 735
526 33
896 977
487 6
720 677
299 139
240 632
185 325
751 826
224 331
608 586
834 674
170 139
575 82
776 743
75 523
923 519
257 277
439 928
619 695
89 614
494 467
743 977
52 505
236 169
291 760
576 355
932 532
924 318
596 255
754 824
731 385
139 553
894 813
815 470
306 477
943 586
826 965
922 473
73 779
912 990
873 496
341 719
759 597
547 695
45 512
862 180
219 998
726 140
523 921
257 477
606 553
504 266
206 14
239 154
345 45
31 247
722 969
929 2
574 552
603 960
855 28
997 946
499 835
34 529
885 620
101 821
49 736
603 787
748 652
230 971
378 332
947 537
856 548
866 985
256 363
148 288
147 260
314 690
54 302
105 216
432 948
602 983
868 910
775 273
560 764
667 24
557 708
271 50
599 351
234 581
285 824
528 305
318 401
347 12
506 513
321 648
230 68
844 814
89 498
796 434
853 987
668 753
668 888
514 776
21 903
696 943
881 704
238 947
988 658
573 583
653 654
745 553
266 384
734 729
195 35
218 329
296 157
39 460
919 283
374 222
160 283
227 883
713 134
681 72
934 702
636 426
572 185
105 490
614 260
504 232
192 828
385 983
426 845
482 951
56 294
769 800
43 453
155 922
661 918
109 622
172 150
874 387
89 552
909 10
283 820
855 854
23 769
652 250
607 826
103 720
507 340
699 621
449 193
41 427
893 60
790 870
145 702
931 361
362 411
140 648
278 745
842 679
307 115
511 916
695 403
741 518
386 189
442 897
708 108
676 45
830 646
753 449
252 752
580 945
234 937
56 707
361 293
872 940
993 409
840 345
687 465
710 788
728 194
787 303
808 589
813 458
442 444
34 197
180 951
226 642
164 823
173 657
60 400
138 427
441 303
424 374
737 81
671 475
863 719
302 464
508 307
345 175
240 40
523 661
774 107
801 803
809 559
75 962
315 383
495 266
561 466
18 239
590 855
446 832
254 407
973 213
510 415
205 751
75 139
985 823
403 430
288 886
864 987
995 897
1000 91
69 272
346 917
246 827
945 288
14 416
425 127
906 182
686 8
257 643
289 773
642 597
535 125
162 697
7 442
92 401
724 958
31 16
526 775
196 235
309 611
176 306
68 614
544 133
524 988
831 28
260 93
242 498
279 74
417 356
169 604
851 453
304 967
658 474
587 578
87 713
868 890
684 531
727 624
5 290
361 164
691 215
61 580
62 227
918 581
348 777
360 117
625 931
576 513
964 521
511 121
804 29
469 322
254 541
153 438
8 755
573 72
771 572
224 544
259 154
443 970
888 892
974 111
476 480
60 598
66 896
151 368
304 32
412 865
741 293
692 187
314 323
32 845
129 881
488 681
131 502
605 889
384 975
686 904
209 672
922 365
668 39
552 884
158 591
179 492
750 238
788 614
582 982
913 465
669 649
357 123
961 878
236 550
652 836
10 593
305 381
695 291
213 817
306 959
155 859
968 24
487 247
938 551
967 552
369 439
902 121
789 241
594 1000
231 738
934 293
835 24
357 228
692 205
871 760
455 702
334 207
666 409
174 858
33 470
614 586
16 390
210 743
905 196
404 225
239 571
455 214
206 83
829 680
783 44
971 35
842 85
452 665
529 969
285 60
198 76
986 700
755 271
685 929
797 289
695 167
405 692
155 42
924 196
908 328
938 137
329 227
723 680
280 497
175 312
86 319
272 908
704 121
332 136
891 286
336 205
897 697
560 174
470 68
386 877
853 11
125 440
916 858
892 66
265 300
910 469
855 517
388 791
140 84
471 577
100 577
530 386
893 454
829 746
625 89
812 369
642 286
974 606
669 652
646 643
508 900
625 327
749 858
390 146
395 723
39 170
118 344
765 713
668 864
554 586
929 492
329 111
94 997
803 417
450 150
286 478
524 36
958 539
767 188
183 592
779 109
129 507
304 82
677 615
985 264
589 643
166 365
151 921
509 107
803 998
508 831
433 661
950 632
834 292
653 392
24 387
334 397
395 290
167 357
530 369
207 571
412 598
365 91
643 100
208 297
950 433
671 933
864 449
321 526
74 629
719 187
980 825
265 935
77 520
93 218
88 844
683 624
138 577
920 195
865 369
67 312
513 464
551 204
79 985
184 405
939 666
267 437
45 608
291 135
746 286
750 966
849 242
972 617
548 508
331 94
100 579
170 385
219 86
380 191
917 970
976 365
525 273
748 147
195 836
169 227
665 564
309 389
91 300
401 126
861 512
801 498
777 878
38 663
6 889
750 130
767 879
28 365
914 993
669 768
181 974
449 809
568 876
905 949
688 71
573 267
53 767
976 383
819 357
183 960
847 557
52 844
455 6
826 914
836 132
516 610
260 519
917 820
821 855
164 291
41 4
336 202
874 64
621 873
541 322
190 459
258 406
934 896
482 397
825 74
92 245
657 592
71 918
315 762
723 537
840 1001
333 445
736 103
27 664
355 601
464 106
946 196
193 830
371 723
735 495
859 667
897 284
498 377
378 200
9 248
237 915
970 593
39 691
421 147
125 790
512 884
1000 979
637 753
892 357
868 519
895 911
812 955
421 410
461 340
427 377
795 116
239 877
285 661
403 834
521 331
268 945
954 990
843 368
547 229
409 191
550 830
983 799
647 671
542 728
515 779
56 71
306 583
82 839
611 117
956 994
923 155
727 691
46 578
129 973
110 5
511 548
362 71
864 668
63 264
561 663
922 322
370 884
594 885
842 206
418 591
841 762
209 699
675 279
822 173
511 24
792 743
191 102
958 762
519 765
361 932
215 852
834 600
572 526
977 514
820 283
934 118
628 160
847 182
837 988
483 440
405 308
577 83
793 950
881 929
371 449
135 448
217 106
247 163
615 635
959 895
870 101
413 388
216 583
642 614
144 786
418 781
768 16
384 98
206 144
595 54
676 983
361 816
529 934
641 542
984 790
736 619
7 982
851 968
832 289
956 632
19 785
430 603
422 95
589 371
214 398
659 963
51 434
702 109
506 645
357 605
307 456
763 565
712 993
916 864
457 789
872 857
596 660
64 191
851 219
85 765
237 139
929 489
280 273
864 676
506 193
423 977
99 411
935 451
121 980
695 57
608 816
538 642
320 810
890 829
190 447
951 396
262 188
679 675
327 456
885 363
272 836
997 460
161 622
375 219
806 729
393 759
173 143
303 695
602 336
752 487
835 352
966 406
710 410
652 770
566 877
513 125
127 547
67 166
370 324
314 400
603 391
997 825
592 470
504 768
919 176
935 125
624 117
435 415
878 975
707 262
131 527
952 172
71 972
639 426
152 701
972 67
600 483
362 169
101 715
111 791
46 788
70 935
385 939
660 182
285 673
772 686
951 195
376 134
126 815
591 695
319 250
864 675
554 627
887 207
90 889
802 718
430 517
133 584
33 443
449 759
654 441
658 342
708 620
407 738
142 216
600 101
756 920
541 198
854 688
861 613
6 397
294 703
821 327
310 46
833 371
293 669
771 915
86 220
193 495
255 336
541 365
563 451
712 887
23 1000
860 714
644 882
90 266
387 68
760 228
466 872
915 693
154 680
663 34
48 933
287 168
489 307
352 684
402 946
813 200
487 393
545 917
994 498
918 435
95 81
277 742
298 878
699 334
488 827
39 807
926 691
943 804
842 837
833 477
760 915
639 683
356 648
164 212
832 29
917 829
636 166
30 176
409 612
995 751
758 904
524 303
348 549
225 143
969 127
342 597
360 227
218 64
625 811
649 65
162 498
846 995
419 246
627 927
796 912
539 318
978 504
565 379
641 878
655 87
741 126
721 833
511 481
942 171
354 326
321 408
975 311
482 863
200 893
872 428
781 145
622 697
376 903
435 491
401 221
932 735
833 180
56 581
203 968
210 59
759 21
419 628
81 946
522 20
476 333
202 769
590 448
667 176
955 282
473 328
123 490
996 217
113 277
173 77
697 264
978 1000
558 67
618 117
572 501
489 793
303 57
333 982
204 580
565 684
507 503
990 787
902 153
516 999
122 76
152 177
813 406
472 650
21 779
240 195
743 677
537 530
292 319
812 716
170 939
673 549
279 335
503 722
697 624
140 324
344 557
481 164
756 361
507 21
439 847
122 382
433 641
375 365
285 663
945 791
118 646
619 35
352 69
533 839
654 72
141 14
164 523
913 633
471 319
919 804
602 931
656 686
770 557
370 822
114 534
92 417
747 445
658 846
716 857
930 787
686 97
114 674
173 553
744 174
919 582
918 280
421 752
875 51
775 7
864 660
30 932
617 17
124 634
686 676
425 885
855 72
717 794
362 902
927 79
627 460
314 512
451 51
683 606
403 191
668 628
760 300
388 61
765 652
539 290
142 378
998 132
267 6
762 504
377 459
173 284
572 350
866 771
415 833
482 965
528 858
786 946
212 283
486 172
737 831
621 148
314 506
423 196
608 625
589 919
869 796
333 828
69 401
700 700
393 921
335 737
632 87
131 677
531 395
364 252
880 902
510 87
326 238
869 706
512 840
559 287
408 528
245 653
339 820
903 408
628 445
419 641
34 642
914 433
175 274
201 509
469 31
50 500
129 662
553 179
614 460
156 801
856 146
589 261
604 200
97 704
973 277
366 484
937 596
704 1001
740 9
222 824
857 755
709 949
348 230
291 240
88 96
869 874
915 56
827 152
428 8
577 653
906 20
193 836
605 130
352 516
35 172
413 832
805 894
206 530
135 307
92 899
492 299
17 304
71 294
375 107
367 697
799 212
315 20
713 29
751 523
628 169
247 389
706 163
363 171
977 708
766 875
227 746
724 146
508 992
530 898
177 980
884 72
92 597
981 648
656 97
863 287
505 275
748 435
899 563
522 251
205 10
51 670
150 138
538 122
494 89
880 740
1001 479
653 89
158 763
561 3
284 272
893 691
623 566
657 323
100 649
113 365
283 945
549 991
746 940
997 769
917 279
654 227
970 19
674 241
906 912
8 28
338 969
98 282
680 125
745 926
708 475
615 830
79 688
547 440
934 561
269 691
808 18
69 131
885 918
762 932
81 985
540 879
629 452
764 867
329 45
913 999
356 662
568 807
606 901
467 685
19 662
232 16
235 456
555 388
248 743
711 134
40 94
355 873
477 894
33 810
805 975
963 912
69 647
37 147
14 791
399 888
878 455
291 375
300 221
127 280
513 263
54 585
473 222
510 833
736 398
200 927
657 951
983 93
911 194
806 341
712 794
632 715
157 893
380 422
589 718
991 236
104 153
594 335
765 558
530 66
847 604
780 589
491 730
662 487
129 543
604 448
388 748
664 789
134 306
638 795
17 67
335 756
738 237
54 816
503 697
644 368
201 298
245 396
324 204
207 838
266 816
47 475
818 136
539 180
440 786
485 865
754 259
897 387
244 888
153 729
801 232
446 448
846 336
852 506
776 678
166 976
200 506
635 902
690 858
574 43
593 615
372 15
987 787
257 118
653 929
580 59
903 418
813 697
892 67
347 913
606 110
145 268
774 201
380 151
954 536
686 155
614 722
170 302
923 929
979 527
278 27
334 516
398 466
878 738
926 283
580 735
235 627
149 342
190 724
765 766
517 599
38 108
576 571
355 975
210 95
540 319
914 529
152 246
522 444
559 167
286 972
75 160
220 933
407 828
188 139
803 273
253 253
479 139
53 409
807 897
679 846
821 919
287 867
128 236
237 931
637 850
107 967
317 572
12 25
574 693
903 893
63 411
440 826
506 348
383 210
827 290
639 222
453 84
628 910
342 25
126 46
482 622
240 618
542 158
283 60
325 314
594 688
509 424
893 658
247 264
234 53
425 622
7 903
301 579
420 609
263 595
595 901
33 606
952 961
261 795
169 192
561 101
646 991
590 673
819 246
277 773
304 606
601 807
766 545
955 996
78 563
615 589
973 475
434 910
867 794
72 896
781 542
958 480
925 724
231 763
5 93
303 438
928 231
434 431
733 458
840 815
382 289
378 152
985 355
551 466
452 730
900 700
127 762
648 633
395 946
887 250
994 202
419 323
924 433
116 97
253 244
414 304
931 664
632 463
759 348
583 997
592 191
209 316
526 821
323 842
280 842
459 8
650 567
914 188
258 226
751 988
177 144
207 167
767 640
468 147
636 161
578 940
940 644
222 220
526 347
849 940
400 232
938 508
224 167
55 816
549 205
818 264
768 169
477 134
152 956
562 259
1001 340
649 784
700 582
553 797
454 211
609 691
182 941
1000 837
904 262
722 562
433 597
154 541
35 307
51 599
237 554
332 354
60 38
507 622
306 52
585 726
901 262
854 382
888 619
609 989
912 218
457 231
200 899
516 398
749 638
926 741
6 738
37 223
929 207
157 465
620 160
771 410
495 125
138 255
413 63
665 652
835 816
821 714
908 876
586 455
905 458
125 349
321 725
994 534
170 587
94 735
526 300
182 272
447 371
160 153
78 822
216 915
508 566
902 941
223 934
461 199
228 72
593 192
888 680
294 761
802 227
774 443
290 3
20 724
354 561
77 629
740 366
308 856
463 54
760 855
46 739
625 402
645 408
356 69
946 271
276 532
612 779
614 541
437 610
622 510
795 867
136 532
111 588
832 73
839 161
957 647
769 152
197 627
444 297
85 129
315 431
887 924
60 577
212 881
280 408
485 177
549 476
385 137
670 984
764 3
939 211
685 760
283 601
375 951
218 420
133 182
887 988
975 159
92 417
182 963
859 811
772 527
160 133
289 959
35 783
489 307
373 604
675 194
78 844
846 304
955 221
571 256
978 416
73 554
833 770
596 559
307 246
3 32
972 842
193 748
1000 181
549 535
793 577
696 855
159 710
800 956
555 261
816 987
997 900
865 815
187 975
48 321
254 358
833 455
827 939
806 501
485 144
874 483
214 730
84 652
847 386
659 779
830 834
458 595
898 195
652 444
989 110
33 610
338 699
477 98
433 851
73 233
345 537
585 657
8 652
785 579
972 261
961 443
577 421
58 62
827 200
642 633
689 767
867 430
204 300
758 991
732 360
401 540
292 328
468 121
830 266
335 846
665 102
208 905
306 382
593 53
160 368
335 952
861 767
95 961
578 711
318 775
473 745
893 949
595 276
39 1
189 834
102 888
742 81
591 917
530 119
137 66
237 856
176 811
267 943
940 543
749 840
380 348
730 127
182 829
612 902
37 519
288 233
64 895
901 809
636 298
94 533
444 485
18 61
635 695
840 14
826 593
587 409
974 103
995 230
985 87
571 639
29 318
141 155
293 644
214 387
9 84
121 861
823 268
172 165
20 760
201 850
895 322
477 42
744 357
880 24
709 795
791 1000
318 831
381 425
580 23
863 489
369 52
769 563
916 853
302 98
562 174
549 388
790 196
42 951
636 577
510 575
953 385
251 505
283 138
594 217
346 936
990 596
115 753
274 490
319 420
423 422
70 549
603 445
762 896
578 966
561 51
803 916
360 348
638 613
270 144
256 278
288 678
533 68
351 440
734 390
633 66
154 747
591 334
380 854
541 499
658 17
956 508
802 568
994 781
37 617
266 864
115 277
292 590
94 237
843 83
439 698
613 224
232 962
808 612
614 482
806 153
121 830
736 747
767 103
556 646
597 478
805 12
899 123
995 624
42 31
288 996
963 834
758 577
220 999
595 258
129 933
793 370
361 853
819 51
63 750
745 316
623 181
769 399
298 505
872 884
115 796
87 89
362 113
707 694
525 957
435 657
245 934
174 909
579 744
402 360
876 52
369 775
510 229
336 116
439 184
384 94
250 557
520 849
505 638
987 381
733 980
148 408
621 938
785 780
905 854
590 719
854 802
566 608
726 311
177 493
929 272
306 669
760 234
454 446
109 770
143 921
363 632
64 706
613 792
757 74
735 48
556 892
757 586
246 97
421 28
643 368
867 582
425 869
210 372
867 921
578 119
93 640
915 581
S